-4.0 -4.0 0.5003333333333333
-1.9294476391798345 3.727406610312545 0.50775
3.727406610312545 -1.9294476391798345 0.5093333333333333
5.7979589711327115 5.7979589711327115 0.50825
11.454813220625091 0.14110472164033183 0.5070833333333333
8.10874800567386 1.0376801938083853 0.5086666666666666
6.038195644853694 -6.689726416504161 0.7559166666666668
6.158313981714185 -12.933569110322598 0.6672500000000001
1.6568542494923797 -9.65685424949238 0.6208333333333333
3.9676432840335285 -14.417133026816707 0.46291666666666664
3.9075841156032824 -11.295211679907489 0.6517499999999999
8.288925510964596 -8.32808384691927 0.7111666666666666
10.419537040215008 -3.7225985835159427 0.5335833333333334
8.791548809062077 -5.615751857613829 0.74375
6.540818942951175 -3.977394427198721 0.5518333333333333
6.97784558495453 -5.065066782128858 0.7074999999999999
7.414872226957885 -6.152739137058996 0.7571666666666667
7.163560577909145 -7.508905131711716 0.7350833333333333
6.289507293902435 -5.333560421851441 0.7305
6.508020614904113 -5.87739659931651 0.7519166666666667
6.9450472569074675 -6.965068954246647 0.7508333333333335
6.835790596406628 -6.693150865514113 0.7536666666666667
6.617277275404952 -6.149314688049044 0.7555833333333334
6.781162266156209 -6.557191821147846 0.7555833333333334
6.671905605655371 -6.285273732415311 0.7564166666666666
8.048582187759562 -5.748286452970145 0.7493333333333334
7.545985552033095 -5.983646443853649 0.7531666666666667
7.043388916306628 -6.219006434737153 0.75725
6.72653393590579 -6.421232776781578 0.7564166666666666
7.731727207358723 -5.95051279501457 0.754
7.4804288894954905 -6.068192790456322 0.7560833333333333
7.229130571632257 -6.185872785898074 0.7560833333333333
6.884961426106209 -6.320119605759366 0.7576666666666667