-4.0 -4.0 0.5001250312578144
-1.9294476391798345 3.727406610312545 0.5043135783945986
3.727406610312545 -1.9294476391798345 0.5069392348087022
5.7979589711327115 5.7979589711327115 0.506064016004001
11.454813220625091 0.14110472164033183 0.5055638909727431
1.4166175757713972 2.8308311381444917 0.506064016004001
8.10874800567386 1.0376801938083853 0.5058764691172793
6.435715398198244 1.485967929892412 0.5063765941485371
4.365163037378078 -6.241438680420135 0.754438609652413
3.6487650705007617 -12.261137506196558 0.6254688672168042
1.6568542494923797 -9.656854249492381 0.6487246811702926
2.294610676557913 -13.96884529073268 0.4830582645661415
2.6528096599965707 -10.958995877844469 0.6400975243810952
3.3692076268738873 -4.9392970520680475 0.6613528382095524
6.077516414759586 -1.523881482995801 0.5060640160040011
4.972350873442784 -3.557124674619946 0.5116279069767442
3.867185332125983 -5.590367866244091 0.7353088272068017
3.011008643435229 -7.949146464956258 0.7130532633158291
5.221339726068832 -3.882660081707967 0.5411977994498625
4.668756955410432 -4.89928167752004 0.6956114028507127
4.116174184752031 -5.915903273332113 0.749437359339835
3.6880858404066537 -7.095292572688196 0.7391222805701426
4.793251381723454 -5.0620493810640514 0.7141785446361592
4.516959996394254 -5.570360178970088 0.7431857964491121
3.964377225735854 -6.58698177478216 0.747249312328082
4.378814303729654 -5.824515577923106 0.749437359339835